11111111111111011101111111111111
11111111011111111111111111111111
11111111111111101111111111111111
11111111111111111101111111111111
11111111111111111111111111111110
11111111111111111111111111111111
11111111111111101111111111111111
11111111111110111111111111111111
11111111111111111111111111111111
11111111111111111111111111111111
11111111111111111111111111111111
11111111111111111111111111111111
11111110111111111111111111111111
11111111111111111111111111111111
11111111111111110111111111111111
11101111111111111111111111111111
11110111111111101111111111110111
11101111011101111101101111111111
11111111111111111111111011111111
11111111111111111111111111011100
11111111111111111111010111111111
11111111110111111111111111111111
11111111011111111111110111111111
11110111111111111111111110111111
11111101111111111111111111111111
11111111111111101111111111011111
11111111101111111111111111101111
11111111111111111111111111110111
11111111111110111111101111111111
11111111111111111111111111111111
11110111111111111111111111100111
11110111111111101111110111111111
