11111111110111111111111111111111
11111111011111111111111111111111
11111111111111110011110111111111
11111111111111111111101111111111
11011111111111111101101111111111
11111111111111111110111111101110
11111101111111111111111111101111
10101111111111111111111111111111
11111111011111111111111111111111
11111111110111111111111111111111
11111111111111111111111111111101
11111111111111111110111111110111
11111101111111111111111111111110
11110111111111111111111111111110
01111111110111111111101111111111
11111111111111111111101111111111
11111111111111111111111111111111
01111111110111011111111111111111
11111111100110111111111111111111
11111111111111111111111111111111
11111111111111111111111111111111
11111111111111111111010101111111
11110111111111111111111111111111
11111111111111111111111111110110
11111110110111111111111111111111
11111111111111111110111111111111
11111111111111011111111111111111
11111110110111111011111111101111
11110011111111111111111111110111
11111110111111101111111111111111
11111111111111111111111111111111
11111111111111111111111101111111
