11111111111111111111111101111111
11111111111111111111111111111111
11111111111111101111111111111111
11111111011111111111111111111111
11111111111111111111111111111011
11111111111111101111111110011101
01111111111111111111111111111111
11111111111111111011111111111111
11101101111111111111111001111111
11111111011111011011111111011111
11111011111111111111111111111111
11111111111111110111111111111111
11111111111111111110111111111111
11101111110111111111111111101111
11111111111111111111111111111111
11111111111011011110111111111011
11111111111111111111111110111111
11111111111111111111111111111111
11111111111111111111111110111111
11111111111111111111111111011111
11111110111110111111111111111111
11111111111111110111111111111101
10111111111111111111111111111111
11111111111111111011111111111111
11111101111111111111111110111111
11111111111111101111111110011111
01111111111111111111111111111111
11111111111111011111111111111111
11111110111111111111111111111111
11111111111111111111111000111111
11111111111111111111011111111111
11111111111111111111111111111111
