11101111111111111111111111111111
11111111111111101111111111111111
11111111111111111111111111111101
11111111111111111111111111111111
11101111111111111111111111111111
11111111111111111111011111011111
11111111011101111111110111110111
11101111111111111111111111101111
11111111101111111101111111011111
11111111111111111111111111111111
11111111111111111111111111111111
11111111111111111111111111111110
11111111111111111111111111111111
11111111111011111111111111111111
11111111111111111111111111111011
11111111011111111101111111111111
11110110111111111111111111111111
10111111111111111111111111111111
11111111111111111110111110111111
11111111111111111111111111111111
11111111011110111111110111111111
11111111111111111111011111111111
11111111111111110110111111111111
11111111111111011111101111111111
11111111111111111111111111111111
11111111101111111101111110111111
11111111111111111110001101111111
11111111111111111111111011111111
11111111111111111111111111111111
11111111111111110111111111001111
11110111111111111111111111111111
11111111011111111111111011111111
