11101111111011111111111110111101
10111111111111111011001101111111
11111110111111111111111111111111
11111111010111011100011110111111
11111111111111111111111110111111
11111101111111111111000001111111
11110011111111011110111111111111
11111001111001101111111111111111
11110011111111001111111111111011
11111111111101011110111111111110
11111010111111111010111111111111
01111111111111111011110010111111
11111111111111101111101111101011
10111101111111110111101011011111
11101111111111111111111111111011
11101111101011111111011111011111
11111101111101101111011001111111
10111111111111101111110011111111
11010101111101011111101111111011
10110111111111111111110110101010
11110111110111111111011101111111
11101111111111011111011011111110
11111111111111110111111111110101
10011111111010111111111111111111
01111111111111011111011111001011
10111111111111111111011111111111
10111111011111111100111110101111
01011111111111101111011100011111
01111111111001111111110111011111
10111110111111111101111110011111
11101111111110111111111011110111
11111111111111111111111111111010
