11111111111111111111111111110111
01111011111111111111111111111111
11111111111110111111111111110111
11101110111111111111111111111001
11111111111010111111101111101101
11011110111111111111111111111111
11111111011111111111111111111111
11111111111111111101111111111111
11111111111111111111111111111011
11111111011111110111111011111111
11111111111111101111111111111111
11111111111111111111110111111111
11111111110111101011110111111111
11111011111110111111111111111111
11011111111111111111111111111111
01110111111111111111011111101111
11101111111111111101111111111111
11111111111111111111111111111111
11111111101111111111111111111111
11111111101111111111101111111111
11111101111111111111111111111111
11111111111111111111111111111111
11111111111111111111111111111111
11111100111011111111111111111111
11011011111011111111111111111111
11111111101111111111111111110111
11111111111111111111101111111111
11111111111111111111111111111111
11111101111111111111011111111111
11111111111111111001111111111111
11111111011010111111111111111101
11111010111111111111111111111111
