22222222233322222222222222223222
22223222222222222232222223222222
02222222222222222222222222222222
00022200022222223222202222222222
22222222000022222222222222222222
22222222200002222222222222222222
22222222222202222222222322322222
22222222222222232222222222222220
22222222222222222222223222222222
22222222222222222222222222222222
22222232222200222222222222222222
22222222222200322222222202222223
22222222222200222222222222222222
22222232222222222222222222232222
22222222222222222222222222222220
20222322222222222223322222222220
00022232222232220222322222222220
00022222222222322222222222222220
00022223222222222232223223222222
00002222222222222222222222222222
00002222222222222222222222222222
00000022222222222222222232222222
00000002232222222322222223232222
00000000222322222222222223222222
00002000002002222222222232222222
00222200000022222222222222222222
00222222022222223222222322222322
02222222322222222222222222222220
22222222222222222222222222222200
22322222222322222222222222222000
22222222222222222222222222222200
22232222222232222222222222200000
22222222222222222232022222202020
22222200222222222222022222222222
00000000222222222222022222322222
00022200200023222222022223222222
22222220000022222222222222222222
22222322000022222222222222222222
22222222220222222222222222222222
22322222222222222222222222222222
22222322222220222222222222222222
22222222322220022222222222222222
03222222223220222222222322222222
22222222322223222222232222222222
02222222222300222222222222222222
02222223222223232222222222232322
00222222322222222222222222222222
00022222322222222222222222222220
00022222222222202222222222322220
00002222222222222322222222222200
00022222222222222222322222222222
00002322222222222222222222222222
00002232222222222222322222222222
00002022222222222222222222222222
00000002222222222222222222222222
00000000022222222322222232222222
00030000002022222222223222222222
00222222300023232222222222222322
00222222222222222222222222222222
32223222222222333223222222222222
22222222222222222222222222222300
22222222222222222222222222222200
32222222222222222222222222220000
22222222222222222222222222000000
22222222222222222222222222222222
22220200022222222222222222222222
20200000022222223222002222232222
00000220022222222220022222222222
22222320000022222222223222222222
22322222000022222222222222222223
22222222222022222222232222222222
22222222222222222222232222222222
22222222223220222222222222222232
22222222232220222222222222222222
23222222222220222222222222222222
22222222222200222222222220222222
22222222223220222222222322222232
02222222223222222222222322222223
02222232223222222222222222322202
00222223222222223223222322222220
00002222222222222222222222222222
00002222222222222222222222222220
00002222222222222222222222222222
00002223222322222222222322222232
00002222222222232222222222222222
00002222222222222222322220222222
00000000222222222223222222222232
00000002022232222222232222222222
00000000000222222222222222222222
00222202000022222222222222222222
00222223322022222222222222222322
22222222222222222232222222222230
22222222222322222222232222222200
22222232222222222232222222222220
23222222222222222222222222222232
22222223222222222222222222222222
